0 0.7679241100293733 0.9459459459459459 0.5526315789473685 0.8051948051948052
3 0.8415032679738562 0.6666666666666666 0.9411764705882353 0.9166666666666666
6 0.9558823529411764 0.9117647058823529 0.0 1.0
9 0.774558670820353 0.9 0.6666666666666666 0.7570093457943925
12 0.8725296442687748 1.0 0.7045454545454546 0.9130434782608695
15 0.7772486772486773 0.8 0.6428571428571429 0.8888888888888888
18 0.8376623376623377 1.0 0.7272727272727273 0.7857142857142857
21 0.7409674437711821 0.6822429906542056 0.7692307692307693 0.7714285714285715
24 0.6588254921588255 0.7407407407407407 0.5135135135135135 0.7222222222222222
27 0.8559207375478928 0.7672413793103449 0.9333333333333333 0.8671875
30 0.7858617131062952 0.8947368421052632 0.6470588235294118 0.8157894736842105
33 0.8184313725490195 1.0 0.72 0.7352941176470589
36 0.7324112621664834 0.8974358974358975 0.5737704918032787 0.726027397260274
39 0.7897287897287897 0.8015873015873016 0.717948717948718 0.8496503496503497
42 0.8802521008403361 0.8529411764705882 0.9642857142857143 0.8235294117647058
45 0.8794258373205741 0.7818181818181819 0.9090909090909091 0.9473684210526315
48 0.6669723679845504 0.7793594306049823 0.5176470588235295 0.7039106145251397
51 0.7261904761904763 1.0 0.25 0.9285714285714286
54 0.8011390602752728 1.0 0.627906976744186 0.7755102040816326
57 0.7863723436288735 0.950354609929078 0.5185185185185185 0.8902439024390244
60 0.5962718420701614 0.7156862745098039 0.25 0.8231292517006803
63 0.7716450216450216 0.8571428571428571 0.6363636363636364 0.8214285714285714
66 0.7536541029058318 0.738562091503268 0.7586206896551724 0.7637795275590551
69 0.9276401564537158 0.9322033898305084 0.0 0.9230769230769231
72 0.735858585858586 0.7575757575757576 0.65 0.8
75 0.6397736960396808 0.8043478260869565 0.4090909090909091 0.7058823529411765
78 0.8570738570738571 0.7297297297297297 0.9696969696969697 0.8717948717948718
81 0.7919696614277895 0.7126436781609196 0.9285714285714286 0.7346938775510204
84 0.7703036202387273 0.8913043478260869 0.6136363636363636 0.8059701492537313
87 0.8221947642140383 0.9240506329113924 0.5657894736842105 0.9767441860465116
90 0.7428904428904429 0.8363636363636363 0.6923076923076923 0.7
93 0.6959220328785545 0.6388888888888888 0.6538461538461539 0.7950310559006211
96 0.7662506202526814 0.8028169014084507 0.6666666666666666 0.8292682926829268
99 0.8218064407563997 0.8260869565217391 0.7547169811320755 0.8846153846153846
102 0.7696023782980305 1.0 0.5652173913043478 0.7435897435897436
105 0.7275641025641026 0.8461538461538461 0.5 0.8365384615384616
108 0.8245614035087719 0.6491228070175439 0.0 1.0
111 0.4707646176911544 0.8260869565217391 0.0 0.5862068965517241
114 0.796218487394958 0.0 0.7352941176470589 0.8571428571428571
117 0.809313725490196 0.9166666666666666 0.6862745098039216 0.825
120 0.8297966401414678 0.9807692307692307 0.75 0.7586206896551724
123 0.9004232804232805 1.0 0.8412698412698413 0.86
126 0.8174068524622915 0.7553191489361702 0.88 0.8169014084507042
129 0.873015873015873 0.7857142857142857 1.0 0.8333333333333334
132 0.6831632947377719 0.5661764705882353 0.6712328767123288 0.8120805369127517
135 0.7142370350478888 0.9293478260869565 0.46153846153846156 0.7518248175182481
138 0.7491071428571429 0.0 0.6857142857142857 0.8125
141 0.9166666666666666 1.0 1.0 0.75
144 0.77719880897847 0.8516949152542372 0.0 0.7027027027027027
147 0.8150206886310403 0.7903225806451613 0.9259259259259259 0.7288135593220338
150 0.7945378151260505 0.0 0.7176470588235294 0.8714285714285714
153 0.7296161932312167 0.7129629629629629 0.7575757575757576 0.7183098591549296
156 0.8179463459759483 0.9333333333333333 0.723404255319149 0.7971014492753623
159 0.7597615499254844 0.0 0.7818181818181819 0.7377049180327869
162 0.8348508744830875 0.7710843373493976 0.9615384615384616 0.7719298245614035
165 0.7965367965367965 0.6931818181818182 0.875 0.8214285714285714
168 0.7804404478641986 0.9347826086956522 0.8095238095238095 0.5970149253731343
171 0.7305893049012315 0.7431192660550459 0.6486486486486487 0.8
174 0.8523535851122057 0.8189655172413793 0.9444444444444444 0.7936507936507936
177 0.7097950836320952 0.8735177865612648 0.4634146341463415 0.7924528301886793
180 0.8746373307543521 0.7659574468085106 0.9375 0.9204545454545454
183 0.668968023255814 0.0 0.59375 0.7441860465116279
186 0.8709110896610897 0.9594594594594594 0.84375 0.8095238095238095
189 0.8214311738435424 0.7623762376237624 0.8201438848920863 0.8817733990147784
192 0.8359788074734146 0.8290598290598291 0.8813559322033898 0.7975206611570248
195 0.8160987074030553 1.0 0.5135135135135135 0.9347826086956522
198 0.5670995670995671 0.7619047619047619 0.2727272727272727 0.6666666666666666
201 0.956442831215971 0.9655172413793104 0.0 0.9473684210526315
204 0.6385804716256117 0.5671641791044776 0.4583333333333333 0.8902439024390244
207 0.753256704980843 0.8666666666666667 0.6 0.7931034482758621
210 0.9219246031746032 0.9428571428571428 0.9166666666666666 0.90625
213 0.8109452736318408 0.9552238805970149 0.0 0.6666666666666666
216 0.6288961038961038 0.6545454545454545 0.375 0.8571428571428571
219 0.64502442002442 0.4666666666666667 0.5576923076923077 0.9107142857142857
222 0.7297619047619048 0.7666666666666667 0.7083333333333334 0.7142857142857143
225 0.6685733933483372 0.8225806451612904 0.625 0.5581395348837209
228 0.7595406957109084 0.9523809523809523 0.6595744680851063 0.6666666666666666
231 0.871731107864074 0.9464285714285714 0.7419354838709677 0.926829268292683
234 0.7530383930841597 0.8666666666666667 0.631578947368421 0.7608695652173914
237 0.7804232804232804 0.8888888888888888 0.7857142857142857 0.6666666666666666
240 0.7660344199301651 0.8524590163934426 0.6404494382022472 0.8051948051948052
243 0.8195224719101124 0.7640449438202247 0.0 0.875
246 0.7203098950671767 0.9166666666666666 0.4772727272727273 0.7669902912621359
249 0.7006453863596721 0.7653061224489796 0.6333333333333333 0.7032967032967034
252 0.7608299789150852 0.75 0.7027027027027027 0.8297872340425532
255 0.820861678004535 0.9591836734693877 0.6666666666666666 0.8367346938775511
258 0.8686647173489278 0.875 0.8888888888888888 0.8421052631578947
261 0.6488223246287762 0.5833333333333334 0.6774193548387096 0.6857142857142857
264 0.7305638678636391 0.6086956521739131 0.8461538461538461 0.7368421052631579
267 0.8241239316239316 0.8615384615384616 0.84 0.7708333333333334
270 0.7316857544705645 0.9523809523809523 0.5569620253164557 0.6857142857142857
273 0.6935862810969852 0.8191489361702128 0.5263157894736842 0.7352941176470589
276 0.7181818181818183 0.6636363636363637 0.0 0.7727272727272727
279 0.811942376728962 0.935064935064935 0.78125 0.7195121951219512
282 0.766097372946688 0.9857142857142858 0.5454545454545454 0.7671232876712328
285 0.7799367299367299 0.7337662337662337 0.8214285714285714 0.7846153846153846
288 0.6254665518231409 0.3023255813953488 0.6666666666666666 0.9074074074074074
291 0.7910182941100968 0.7830188679245284 0.7941176470588235 0.7959183673469388
294 0.8474761187766889 0.889763779527559 0.8181818181818182 0.8344827586206897
297 0.6221834034013051 0.7021276595744681 0.4126984126984127 0.7517241379310344
300 0.7480432257738726 0.6428571428571429 0.8695652173913043 0.7317073170731707
303 0.8032142857142857 0.9196428571428571 0.64 0.85
306 0.7182539682539684 0.4166666666666667 1.0 0.7380952380952381
309 0.544963144963145 0.8288288288288288 0.0 0.806060606060606
312 0.684921650143908 0.8301886792452831 0.4745762711864407 0.75
315 0.6701092117758783 0.6538461538461539 0.5416666666666666 0.8148148148148148
318 0.8424687472681178 1.0 0.7317073170731707 0.7956989247311828
321 0.7312750142938823 1.0 0.36363636363636365 0.8301886792452831
324 0.6998616613217633 0.7580645161290323 0.6222222222222222 0.7192982456140351
327 0.7196363029696363 0.9459459459459459 0.5277777777777778 0.6851851851851852
330 0.687271897810219 0.0 0.5620437956204379 0.8125
333 0.8680555555555556 0.9027777777777778 0.0 0.8333333333333334
336 0.7073422908328569 0.5849056603773585 0.7954545454545454 0.7416666666666667
339 0.6279411764705882 0.0 0.45588235294117646 0.8
342 0.7022630147630148 0.6730769230769231 0.6458333333333334 0.7878787878787878
345 0.8102116402116403 0.8928571428571429 0.76 0.7777777777777778
348 0.7777777777777778 1.0 0.5 0.8333333333333334
351 0.8537439613526571 0.9 0.8695652173913043 0.7916666666666666
354 0.75 0.0 0.6 0.9
357 0.9595202398800599 0.9655172413793104 0.9130434782608695 1.0
360 0.6951496388028895 1.0 0.4117647058823529 0.6736842105263158
363 0.7103977272727272 0.7760416666666666 0.5151515151515151 0.84
366 0.6681818181818182 0.8363636363636363 0.0 0.5
369 0.8143735963284836 0.8163265306122449 0.7631578947368421 0.8636363636363636
372 0.5961373964180701 0.4418604651162791 0.45 0.896551724137931
375 0.5478927203065135 0.0 0.7126436781609196 0.9310344827586207
378 0.9731182795698925 0.946236559139785 0.0 1.0
381 0.84640522875817 1.0 0.7058823529411765 0.8333333333333334
384 0.6813506486450388 0.6962025316455697 0.6037735849056604 0.7440758293838863
387 0.7902225556389096 0.9032258064516129 0.7 0.7674418604651163
390 0.7991301008481934 0.9107142857142857 0.7608695652173914 0.7258064516129032
393 0.785016891264803 1.0 0.6016260162601627 0.7534246575342466
396 0.7233082706766917 0.5894736842105263 0.0 0.8571428571428571
399 0.6629336846728151 0.7171717171717171 0.0 0.6086956521739131
402 0.8685734900020615 0.9393939393939394 0.85 0.8163265306122449
405 0.8410798122065728 1.0 0.65 0.8732394366197183
408 0.7560374149659864 0.8 0.673469387755102 0.7946428571428571
411 0.6597239238748672 0.42857142857142855 0.6415094339622641 0.9090909090909091
414 0.7707007169659609 0.8414634146341463 0.734375 0.7362637362637363
417 1.0 0.0 0.0 1.0
420 0.8962848297213623 1.0 0.7941176470588235 0.8947368421052632
423 0.8205128205128205 0.0 0.7333333333333333 0.9076923076923077
426 0.7837568058076224 0.7236842105263158 0.8 0.8275862068965517
429 0.8894830659536542 0.9411764705882353 1.0 0.7272727272727273
432 0.7028735632183908 0.6724137931034483 0.0 0.7333333333333333
435 0.7204125809035218 0.8777777777777778 0.559322033898305 0.7241379310344828
438 0.7568627450980392 0.8470588235294118 0.0 0.6666666666666666
441 0.8785166240409207 1.0 0.782608695652174 0.8529411764705882
444 0.8342245284572934 0.9473684210526315 0.6619718309859155 0.8933333333333333
447 0.8079109062980031 0.9285714285714286 0.6451612903225806 0.85
450 0.5850427350427351 0.4166666666666667 0.5384615384615384 0.8
453 0.7536331841416587 0.5714285714285714 0.8363636363636363 0.8531073446327684
456 0.7809860027251331 0.9130434782608695 0.8076923076923077 0.6222222222222222
459 0.8310810810810811 0.6621621621621622 0.0 1.0
462 0.6789241622574956 0.8833333333333333 0.5238095238095238 0.6296296296296297
465 0.89250085999312 0.8245614035087719 1.0 0.8529411764705882
468 0.6693229686287552 0.8865979381443299 0.4838709677419355 0.6375
471 0.8035130718954249 0.8125 0.8333333333333334 0.7647058823529411
474 0.6017075596816976 0.7931034482758621 0.28125 0.7307692307692307
477 0.9512852404643449 0.8955223880597015 0.9583333333333334 1.0
480 0.7874786011249695 0.9195402298850575 0.6382978723404256 0.8045977011494253
483 0.7947855340622372 0.0 0.6585365853658537 0.9310344827586207
486 0.8601778656126482 0.9021739130434783 0.0 0.8181818181818182
489 0.7678571428571428 0.0 0.8214285714285714 0.7142857142857143
492 0.8934240362811792 0.0 0.8979591836734694 0.8888888888888888
495 0.6640707795996618 0.4883720930232558 0.7619047619047619 0.7419354838709677
498 0.9148148148148147 0.0 0.8666666666666667 0.9629629629629629
501 0.6840909090909091 0.8666666666666667 0.3939393939393939 0.7916666666666666
504 0.7416472416472416 0.6794871794871795 0.7142857142857143 0.8311688311688312
507 0.8346048513302033 1.0 0.7291666666666666 0.7746478873239436
510 0.7119630670413488 0.6792452830188679 0.0 0.7446808510638298
513 0.8552927927927928 0.0 0.7916666666666666 0.918918918918919
516 0.8231617647058824 0.8941176470588236 0.7941176470588235 0.78125
519 0.8360215053763441 0.0 0.8333333333333334 0.8387096774193549
522 0.8866801893171061 0.9482758620689655 0.9117647058823529 0.8
525 0.711965811965812 0.9666666666666667 0.4 0.7692307692307693
528 0.7638367009334751 0.8571428571428571 0.6730769230769231 0.7612903225806451
531 0.5801393728222997 0.0 0.42857142857142855 0.7317073170731707
534 0.6486742424242424 0.0 0.4791666666666667 0.8181818181818182
537 0.8541346224273054 0.8333333333333334 0.7560975609756098 0.972972972972973
540 0.7342349870982877 0.6632653061224489 0.6206896551724138 0.91875
543 0.8013859525487432 0.7441860465116279 0.0 0.8585858585858586
546 0.7186991996189648 0.863013698630137 0.5277777777777778 0.7653061224489796
549 0.6665222471674085 0.4444444444444444 0.7419354838709677 0.8131868131868132
552 0.9576530612244899 0.975 1.0 0.8979591836734694
555 0.7268673355629877 0.782608695652174 0.6153846153846154 0.782608695652174
558 0.852129402129402 0.9090909090909091 0.85 0.7972972972972973
561 0.7380331165875104 0.8043478260869565 0.5949367088607594 0.8148148148148148
564 0.7904428904428903 0.9454545454545454 0.6181818181818182 0.8076923076923077
567 0.743156135179014 0.78125 0.5120481927710844 0.9361702127659575
570 0.63145366260764 0.75 0.5057471264367817 0.6386138613861386
573 0.9109083445290341 0.9636363636363636 0.9655172413793104 0.8035714285714286
576 0.776517273576097 0.95 0.7619047619047619 0.6176470588235294
579 0.813953488372093 0.0 0.627906976744186 1.0
582 0.7555118110236221 0.8110236220472441 0.0 0.7
585 0.7824374176548089 0.79 0.7391304347826086 0.8181818181818182
588 0.6377091377091376 1.0 0.2702702702702703 0.6428571428571429
591 0.5889699988549181 0.725 0.36585365853658536 0.676056338028169
594 0.8352618785755875 0.9512195121951219 0.7413793103448276 0.8131868131868132
597 0.8018443544759335 1.0 0.5897435897435898 0.8157894736842105
600 0.7366071428571429 0.6785714285714286 0.8125 0.71875
603 0.8542254846602674 0.9782608695652174 0.8571428571428571 0.7272727272727273
606 0.7530916009176879 0.8648648648648649 0.6428571428571429 0.7515527950310559
609 0.8198799590103937 0.8434782608695652 0.8888888888888888 0.7272727272727273
612 0.7848383500557413 0.9487179487179487 0.7391304347826086 0.6666666666666666
615 0.44108019639934537 0.0 0.3076923076923077 0.574468085106383
618 0.6002774377804978 0.84 0.2631578947368421 0.6976744186046512
621 0.8200757575757577 0.6727272727272727 0.9375 0.85
624 0.9172514619883042 1.0 0.868421052631579 0.8833333333333333
627 0.841076236907346 0.881578947368421 0.896551724137931 0.7450980392156863
630 0.7885498687664042 0.75 0.8125 0.8031496062992126
633 0.6819923371647509 0.896551724137931 0.4827586206896552 0.6666666666666666
636 0.8119429590017826 1.0 0.6176470588235294 0.8181818181818182
639 0.43636363636363634 0.8727272727272727 0.0 0.0
642 0.8580645161290323 0.8494623655913979 0.0 0.8666666666666667
645 0.5769341845265238 0.6333333333333333 0.46511627906976744 0.6323529411764706
648 0.8355555555555555 1.0 0.6666666666666666 0.84
651 0.754869154869155 0.6785714285714286 0.8833333333333333 0.7027027027027027
654 0.7323232323232323 0.9166666666666666 0.6666666666666666 0.6136363636363636
657 0.804863147605083 0.875 0.6363636363636364 0.9032258064516129
660 0.6968784838350056 0.7884615384615384 0.65 0.6521739130434783
663 0.6146001073537305 0.6956521739130435 0.3333333333333333 0.8148148148148148
666 0.6792318634423897 0.6216216216216216 0.0 0.7368421052631579
669 0.9206349206349206 1.0 0.8571428571428571 0.9047619047619048
672 0.7894033721656712 0.8211382113821138 0.631578947368421 0.9154929577464789
675 0.6553522709035468 0.8208955223880597 0.5 0.6451612903225806
678 0.6600640551860063 0.7317073170731707 0.4666666666666667 0.7818181818181819
681 0.7420634920634921 0.8214285714285714 0.5714285714285714 0.8333333333333334
684 0.7243659689311862 0.8074534161490683 0.5675675675675675 0.7980769230769231
687 0.7065314338638785 0.8716814159292036 0.5689655172413793 0.6789473684210526
690 0.6870946305156832 0.6931818181818182 0.4909090909090909 0.8771929824561403
693 0.7364102564102564 0.9358974358974359 0.54 0.7333333333333333
696 0.7590288158456814 0.6741573033707865 0.7936507936507936 0.8092783505154639
699 0.762760501909438 0.8461538461538461 0.7021276595744681 0.74
702 0.769649883967309 0.6363636363636364 0.8235294117647058 0.8490566037735849
705 0.8466072588879606 0.9736842105263158 0.8518518518518519 0.7142857142857143
708 0.7100264219162842 0.8705882352941177 0.45098039215686275 0.8085106382978723
711 0.7070098576122673 0.5301204819277109 0.8333333333333334 0.7575757575757576
714 0.6873756873756873 0.6857142857142857 0.5945945945945946 0.7818181818181819
717 0.8041025641025641 1.0 0.6923076923076923 0.72
720 0.7036699838566233 0.7241379310344828 0.7037037037037037 0.6831683168316832
723 0.7592499665462332 0.8867924528301887 0.625 0.7659574468085106
726 0.799588749357421 0.8595505617977528 0.7058823529411765 0.8333333333333334
729 0.8737121967431042 1.0 0.7058823529411765 0.9152542372881356
732 0.7673805124030145 0.8248407643312102 0.6853932584269663 0.791907514450867
735 0.7422838068622885 0.75 0.7157894736842105 0.7610619469026548
738 0.898152973192056 0.7821782178217822 1.0 0.9122807017543859
741 0.8141262893421889 0.7721518987341772 0.8571428571428571 0.8130841121495327
744 0.8445850914205344 0.9113924050632911 0.0 0.7777777777777778
747 0.7431372549019608 0.6862745098039216 0.0 0.8
750 0.9279107305490503 0.9609375 0.9047619047619048 0.9180327868852459
753 0.8494708994708994 0.9555555555555556 0.8214285714285714 0.7714285714285715
756 0.8572931276297335 0.7580645161290323 0.0 0.9565217391304348
759 0.6420623104494072 0.6410256410256411 0.64 0.6451612903225806
762 0.8047482776894541 0.8918918918918919 0.8823529411764706 0.64
765 0.6747437092264678 0.8620689655172413 0.5675675675675675 0.5945945945945946
768 0.8004064692183505 0.8217821782178217 0.6833333333333333 0.8961038961038961
771 0.8304593956767871 0.9340659340659341 0.7391304347826086 0.8181818181818182
774 0.7333931426862591 0.6419753086419753 0.7931034482758621 0.7651006711409396
777 0.6271711068759039 0.8265682656826568 0.2857142857142857 0.7692307692307693
780 0.8196446221021155 0.891566265060241 0.7916666666666666 0.7757009345794392
783 0.8518916338465211 0.9591836734693877 0.7631578947368421 0.8333333333333334
786 0.9019180885747602 0.8620689655172413 0.9523809523809523 0.8913043478260869
789 0.7047619047619047 0.6 0.0 0.8095238095238095
792 0.8419062593590896 0.9245283018867925 0.6428571428571429 0.9583333333333334
795 0.7149938532953938 0.8022598870056498 0.6693548387096774 0.6733668341708543
798 0.7248075998075999 0.7840909090909091 0.6111111111111112 0.7792207792207793
801 0.858174463666411 0.9484536082474226 0.8709677419354839 0.7551020408163265
804 0.9038148843026891 0.8846153846153846 0.9 0.926829268292683
807 0.7345238095238096 0.75 0.625 0.8285714285714286
810 0.8727096437361709 0.7397260273972602 0.9473684210526315 0.9310344827586207
813 0.8238727858293076 0.6521739130434783 0.875 0.9444444444444444
816 0.8239770981706466 0.8482142857142857 0.8225806451612904 0.8011363636363636
819 0.6398173255316112 0.7090909090909091 0.40816326530612246 0.8021978021978022
822 0.43971631205673756 0.7446808510638298 0.0 0.574468085106383
825 0.7543596500118239 0.8840579710144928 0.6153846153846154 0.7636363636363637
828 0.8900293255131965 0.0 0.9090909090909091 0.8709677419354839
831 0.7777777777777778 1.0 0.0 0.5555555555555556
834 0.8556005398110661 0.0 0.7368421052631579 0.9743589743589743
837 0.7639291465378423 0.7777777777777778 0.6444444444444445 0.8695652173913043
840 0.8034188034188035 0.0 0.6068376068376068 1.0
843 0.7978953537936914 0.71875 0.8043478260869565 0.8705882352941177
846 0.8088235294117648 0.9411764705882353 0.75 0.7352941176470589
849 0.8540965207631874 1.0 0.6363636363636364 0.9259259259259259
852 0.9001782531194297 0.8823529411764706 1.0 0.8181818181818182
855 0.7221280602636536 0.9830508474576272 0.4722222222222222 0.7111111111111111
858 0.8441096763908815 0.9333333333333333 0.8048780487804879 0.7941176470588235
861 0.8907756813417191 0.9333333333333333 0.9056603773584906 0.8333333333333334
864 0.9858156028368795 0.9574468085106383 1.0 1.0
867 0.8210106833382581 0.8195488721804511 0.9259259259259259 0.7175572519083969
870 0.812438071923996 0.7894736842105263 0.8571428571428571 0.7906976744186046
873 0.7054574638844302 0.6966292134831461 0.0 0.7142857142857143
876 0.46732026143790845 0.0 0.6666666666666666 0.7352941176470589
879 0.7935120435120435 0.6324786324786325 0.0 0.9545454545454546
882 0.7726125085371347 0.6293103448275862 0.8035714285714286 0.8849557522123894
885 0.7 0.6 0.0 0.8
888 0.7260698891407774 0.8372093023255814 0.6060606060606061 0.7349397590361446
891 0.7812889812889813 0.6554054054054054 0.8717948717948718 0.8166666666666667
894 0.6383442265795207 0.47058823529411764 1.0 0.4444444444444444
897 0.8865710560625816 0.8461538461538461 1.0 0.8135593220338984
900 0.8238204612881616 0.8666666666666667 0.8024691358024691 0.8023255813953488
903 0.7149122807017544 0.0 0.6666666666666666 0.7631578947368421
906 0.7193362193362193 0.7428571428571429 0.7333333333333333 0.6818181818181818
909 0.7682539682539682 0.9047619047619048 0.6363636363636364 0.7636363636363637
912 0.8756441397471114 0.8924731182795699 0.9183673469387755 0.8160919540229885
915 0.7368612474995454 0.717948717948718 0.7692307692307693 0.723404255319149
918 0.7557997557997558 0.8333333333333334 0.5769230769230769 0.8571428571428571
921 0.8818023163572901 0.8848167539267016 0.0 0.8787878787878788
924 0.825295685490588 0.9166666666666666 0.6896551724137931 0.8695652173913043
927 0.7700320512820513 0.8317307692307693 0.0 0.7083333333333334
930 0.8780487804878049 0.7560975609756098 0.0 1.0
933 0.8340822349443039 0.8378378378378378 0.896551724137931 0.7678571428571429
936 0.881989247311828 0.8306451612903226 0.0 0.9333333333333333
939 0.7608649621912242 0.7951219512195122 0.7169811320754716 0.7704918032786885
942 0.7555593810171323 0.8589743589743589 0.684931506849315 0.7227722772277227
945 0.7223443223443223 0.7523809523809524 0.0 0.6923076923076923
948 0.6365079365079365 0.6666666666666666 0.6 0.6428571428571429
951 0.8512379227053141 0.9333333333333333 0.7391304347826086 0.88125
954 0.7933333333333333 0.8333333333333334 0.6666666666666666 0.88
957 0.7926421404682273 0.0 0.7391304347826086 0.8461538461538461
960 0.7477246676337167 0.7627118644067796 0.7009345794392523 0.7795275590551181
963 0.8363329583802024 0.8661417322834646 0.8636363636363636 0.7792207792207793
966 0.8291005291005291 0.6428571428571429 0.9444444444444444 0.9
969 0.8728825724949756 0.877906976744186 0.8518518518518519 0.8888888888888888
972 0.7084850755451241 0.7209302325581395 0.6507936507936508 0.753731343283582
975 0.8751605210053202 0.8227848101265823 0.0 0.927536231884058
978 0.7673764846440368 0.9150326797385621 0.6451612903225806 0.7419354838709677
981 0.9236111111111112 1.0 0.8333333333333334 0.9375
984 0.7787929263832879 0.6730769230769231 0.7837837837837838 0.8795180722891566
987 0.6566468253968254 0.4 0.6770833333333334 0.8928571428571429
990 0.8403367003367004 0.92 0.7222222222222222 0.8787878787878788
993 0.8090518850317282 0.8297872340425532 0.65 0.9473684210526315
996 0.6706144081659359 0.8870967741935484 0.4482758620689655 0.6764705882352942
999 0.8319332375373052 0.0 0.7831325301204819 0.8807339449541285
1002 0.794287211740042 0.9245283018867925 0.5 0.9583333333333334
1005 0.7264706619545329 0.6153846153846154 0.8064516129032258 0.7575757575757576
1008 0.8502673796791443 1.0 0.7272727272727273 0.8235294117647058
1011 0.8500900900900902 0.7702702702702703 0.9 0.88
1014 0.6218356128402843 0.7607361963190185 0.38 0.7247706422018348
1017 0.7862767351197232 0.7372262773722628 0.7446808510638298 0.8769230769230769
1020 0.5408313908313908 0.25 0.5846153846153846 0.7878787878787878
1023 0.6461829915021404 0.6117021276595744 0.5135135135135135 0.8133333333333334
1026 0.8667933792666508 1.0 0.8032786885245902 0.7971014492753623
1029 0.7509809119830329 0.7608695652173914 0.675 0.8170731707317073
1032 0.7054595682914266 0.7619047619047619 0.6111111111111112 0.7433628318584071
1035 0.7301157350406304 0.8473282442748091 0.0 0.6129032258064516
1038 0.7448776186916604 0.8431372549019608 0.6818181818181818 0.7096774193548387
1041 0.7509790408357637 0.7327188940092166 0.7439024390243902 0.7763157894736842
1044 0.6364125231298895 0.8580060422960725 0.2857142857142857 0.7655172413793103
1047 0.7656704260651629 0.8125 0.68 0.8045112781954887
1050 0.39184397163120566 0.0 0.16666666666666666 0.6170212765957447
1053 0.7990132745604702 0.7638888888888888 0.7843137254901961 0.8488372093023255
1056 0.8096556725840215 0.8571428571428571 0.8148148148148148 0.7570093457943925
1059 0.8016160490387293 0.8762886597938144 0.8378378378378378 0.6907216494845361
1062 0.8352884900423101 0.8774193548387097 0.8070175438596491 0.8214285714285714
1065 0.7121668339466934 0.9426229508196722 0.42857142857142855 0.7653061224489796
1068 0.8414522897281517 0.9285714285714286 0.7068965517241379 0.8888888888888888
1071 0.6843908577923923 0.7080745341614907 0.6 0.7450980392156863
1074 0.8977011494252873 0.8620689655172413 0.0 0.9333333333333333
1077 0.8976982097186701 0.9130434782608695 0.0 0.8823529411764706
1080 0.8858695652173912 1.0 0.875 0.782608695652174
1083 0.7172430495011141 0.9333333333333333 0.6216216216216216 0.5967741935483871
1086 0.87433908045977 0.9375 0.72 0.9655172413793104
1089 0.7007265182799326 0.7903225806451613 0.5102040816326531 0.8016528925619835
1092 0.8635415641908509 0.8947368421052632 0.78 0.9158878504672897
1095 0.7932372505543237 0.7682926829268293 0.0 0.8181818181818182
1098 0.8107407407407408 0.9444444444444444 0.71 0.7777777777777778
1101 0.8927536231884058 1.0 0.7 0.9782608695652174
1104 0.7075023741690408 0.5384615384615384 0.8148148148148148 0.7692307692307693
1107 0.8163163163163163 0.0 0.7407407407407407 0.8918918918918919
1110 0.8582795698924731 1.0 0.72 0.8548387096774194
1113 0.7800445000695313 0.8617021276595744 0.7333333333333333 0.7450980392156863
1116 0.7271908471275559 0.0 0.6582278481012658 0.7961538461538461
1119 0.7620490620490621 0.780952380952381 0.6909090909090909 0.8142857142857143
1122 0.7452380952380953 0.8142857142857143 0.5857142857142857 0.8357142857142857
1125 0.7139274334463973 0.7446808510638298 0.6 0.7971014492753623
1128 0.6927429401993356 0.7857142857142857 0.5581395348837209 0.734375
1131 0.7711864406779662 0.8135593220338984 0.8076923076923077 0.6923076923076923
1134 0.7575360720522011 0.6935483870967742 0.6944444444444444 0.8846153846153846
1137 0.8797061524334252 0.9421487603305785 0.8333333333333334 0.8636363636363636
1140 0.8001633986928104 0.875 0.6666666666666666 0.8588235294117647
1143 0.8124880068676464 0.8385093167701864 0.7560975609756098 0.8428571428571429
1146 0.7674019607843138 0.9375 0.6 0.7647058823529411
1149 0.8689936312571344 0.8495575221238938 0.9310344827586207 0.8263888888888888
1152 0.8070175438596491 0.6666666666666666 0.0 0.9473684210526315
1155 0.8187069681861349 0.8515625 0.8148148148148148 0.7897435897435897
1158 0.8544127796045954 0.803921568627451 0.8571428571428571 0.9021739130434783
1161 0.7011972930765227 0.8141592920353983 0.0 0.5882352941176471
1164 0.7658862876254181 0.8478260869565217 0.5652173913043478 0.8846153846153846
1167 0.828039430449069 0.7469879518072289 0.0 0.9090909090909091
1170 0.7612979852781606 0.819672131147541 0.6153846153846154 0.8488372093023255
1173 0.7376417233560091 0.0 0.6530612244897959 0.8222222222222222
1176 0.7713675213675213 1.0 0.5641025641025641 0.75
1179 0.6235593110593111 0.6105769230769231 0.45454545454545453 0.8055555555555556
1182 0.7504132231404959 0.9008264462809917 0.0 0.6
1185 0.7172161172161172 0.8153846153846154 0.0 0.6190476190476191
1188 0.7972899728997289 0.7723577235772358 0.0 0.8222222222222222
1191 0.858779537456008 0.8692307692307693 0.8529411764705882 0.8541666666666666
1194 0.8154642198759845 0.9305555555555556 0.6923076923076923 0.8235294117647058
1197 0.6520040916309995 0.8103448275862069 0.45714285714285713 0.6885245901639344
1200 0.8018798018798018 0.8831168831168831 0.8333333333333334 0.6891891891891891
1203 0.7219104308390024 0.5208333333333334 0.8285714285714286 0.8163265306122449
1206 0.8930985915492957 0.8661971830985915 0.0 0.92
1209 0.7451923076923077 0.0 0.6153846153846154 0.875
1212 0.7407938785270205 0.0 0.7254901960784313 0.7560975609756098
1215 0.5547839506172839 0.0 0.8125 0.8518518518518519
1218 0.453048433048433 0.56 0.2222222222222222 0.5769230769230769
1221 0.8031360112755461 0.9454545454545454 0.813953488372093 0.65
1224 0.78582995951417 0.9 0.6153846153846154 0.8421052631578947
1227 0.7811155291139745 0.7548387096774194 0.7692307692307693 0.8192771084337349
1230 0.5509701616684058 0.5777777777777777 0.2903225806451613 0.7848101265822784
1233 0.7877161598091831 0.8062015503875969 0.0 0.7692307692307693
1236 0.6898090565690067 0.7604166666666666 0.5925925925925926 0.7164179104477612
1239 0.9653897849462365 0.9274193548387096 1.0 0.96875
1242 0.7680395974093726 0.782608695652174 0.5588235294117647 0.9626865671641791
1245 0.631054131054131 0.5 0.6153846153846154 0.7777777777777778
1248 0.869232050641346 1.0 0.7816091954022989 0.8260869565217391
1251 0.8554435962680239 0.9236641221374046 0.8666666666666667 0.776
1254 0.7930555555555555 0.8958333333333334 0.6666666666666666 0.8166666666666667
1257 0.8911588411588411 0.9454545454545454 0.7857142857142857 0.9423076923076923
1260 0.8490120650463368 0.7807017543859649 0.9523809523809523 0.813953488372093
1263 0.6105113210376368 0.5964912280701754 0.5128205128205128 0.7222222222222222
1266 0.9301994301994302 1.0 0.8461538461538461 0.9444444444444444
1269 0.7729971988795518 0.84 0.7142857142857143 0.7647058823529411
1272 0.7681803079736853 0.6964285714285714 0.7536231884057971 0.8544891640866873
1275 0.7146516758768308 0.8842975206611571 0.5806451612903226 0.6790123456790124
1278 0.9120448179271708 0.7647058823529411 1.0 0.9714285714285714
1281 0.7243867243867244 0.6428571428571429 0.6666666666666666 0.8636363636363636
1284 0.6635610766045549 0.8478260869565217 0.5 0.6428571428571429
1287 0.8137399746728577 0.8883495145631068 0.0 0.7391304347826086
1290 0.7753623188405797 1.0 0.5 0.8260869565217391
1293 0.7759464009464009 0.9318181818181818 0.6527777777777778 0.7432432432432432
1296 0.8758005780872823 0.9278350515463918 0.7741935483870968 0.9253731343283582
1299 0.6115948037589829 0.8208955223880597 0.325 0.6888888888888889
1302 0.9523809523809524 1.0 0.9642857142857143 0.8928571428571429
1305 0.6046296296296296 0.675 0.25 0.8888888888888888
1308 0.7100531319910516 0.7114093959731543 0.78125 0.6375
1311 0.811204954954955 0.71875 0.85 0.8648648648648649
1314 0.7450387450387451 0.6363636363636364 0.9230769230769231 0.6756756756756757
1317 0.8075980392156863 0.9485294117647058 0.0 0.6666666666666666
1320 0.8122401073105299 0.65 0.8571428571428571 0.9295774647887324
1323 0.8124690155050686 0.5882352941176471 0.9459459459459459 0.9032258064516129
1326 0.8683841957835766 0.9097744360902256 0.8571428571428571 0.8382352941176471
1329 0.6786786786786786 0.7027027027027027 0.5925925925925926 0.7407407407407407
1332 0.6243386243386243 0.75 0.4444444444444444 0.6785714285714286
1335 0.737563775510204 0.0 0.6938775510204082 0.78125
1338 0.9293511218920558 0.9411764705882353 0.0 0.9175257731958762
1341 0.7794434731934731 0.91875 0.6923076923076923 0.7272727272727273
1344 0.7716397716397716 0.6410256410256411 0.7837837837837838 0.8901098901098901
1347 0.791919191919192 0.7424242424242424 1.0 0.6333333333333333
1350 0.48556719985291413 0.0 0.5918367346938775 0.8648648648648649
1353 0.6921275756679485 0.9319727891156463 0.5357142857142857 0.6086956521739131
1356 0.6909855283369715 0.8225806451612904 0.5789473684210527 0.6714285714285714
1359 0.7141544117647058 0.0 0.6470588235294118 0.78125
1362 0.8203581871345029 0.7986111111111112 0.0 0.8421052631578947
1365 0.6994609633107286 0.8 0.48148148148148145 0.8169014084507042
1368 0.9480646059593427 0.9444444444444444 0.9473684210526315 0.9523809523809523
1371 0.8846153846153846 0.7692307692307693 0.0 1.0
1374 0.7407407407407408 1.0 0.4722222222222222 0.75
1377 0.8257882882882882 0.8 0.8125 0.8648648648648649
1380 0.7389743589743589 0.0 0.76 0.717948717948718
1383 0.8228378033205619 0.912 0.8620689655172413 0.6944444444444444
1386 0.8699373131997246 0.9864864864864865 0.8148148148148148 0.8085106382978723
1389 0.7258242505488527 0.819047619047619 0.5426356589147286 0.8157894736842105
1392 0.7609792517351669 0.808695652173913 0.6629213483146067 0.8113207547169812
1395 0.8141025641025642 1.0 0.6923076923076923 0.75
1398 0.7220654759624999 0.7241379310344828 0.7297297297297297 0.7123287671232876
1401 0.4833333333333334 0.7666666666666667 0.0 0.2
1404 0.6905622389723622 0.7384615384615385 0.5869565217391305 0.746268656716418
1407 0.6079628015111886 1.0 0.24324324324324326 0.5806451612903226
1410 0.7645730706075534 0.7758620689655172 0.875 0.6428571428571429
1413 0.84578236852166 0.8934426229508197 0.8387096774193549 0.8051948051948052
1416 0.4598765432098766 0.0 0.6296296296296297 0.75
1419 0.835826210826211 0.7435897435897436 0.8333333333333334 0.9305555555555556
1422 0.7299414018480955 0.8823529411764706 0.5833333333333334 0.7241379310344828
1425 0.8144409937888198 0.8074534161490683 0.0 0.8214285714285714
1428 0.9072301225847094 0.9811320754716981 0.8095238095238095 0.9310344827586207
1431 0.6838383838383839 0.85 0.3181818181818182 0.8833333333333333
1434 0.7893841747225205 0.9251700680272109 0.6666666666666666 0.7763157894736842
1437 0.7408588194798091 0.7790697674418605 0.6770833333333334 0.7664233576642335
1440 0.7889663182346109 0.8642857142857143 0.6097560975609756 0.8928571428571429
1443 0.6818684503110733 0.7377049180327869 0.5757575757575758 0.7321428571428571
1446 0.7740327019588799 0.9014084507042254 0.6206896551724138 0.8
1449 0.8845502645502646 0.86 0.9047619047619048 0.8888888888888888
1452 0.86303674787993 0.9117647058823529 0.782608695652174 0.8947368421052632
1455 0.9052068929628142 0.9787234042553191 0.9444444444444444 0.7924528301886793
1458 0.8221256819559507 0.9 0.7346938775510204 0.8316831683168316
1461 0.7266320696227239 0.794392523364486 0.5945945945945946 0.7909090909090909
1464 0.7482564435780811 0.9052631578947369 0.6111111111111112 0.7283950617283951
1467 0.8689727463312369 0.8490566037735849 0.0 0.8888888888888888
1470 0.668086364980775 0.6857142857142857 0.4489795918367347 0.8695652173913043
1473 0.8194598594154643 0.8113207547169812 0.8823529411764706 0.7647058823529411
1476 0.8467539704653106 0.8556701030927835 0.0 0.8378378378378378
1479 0.8341772151898734 0.7025316455696202 0.8666666666666667 0.9333333333333333
1482 0.7653645414204585 0.8360655737704918 0.782608695652174 0.6774193548387096
1485 0.729444692711151 0.611764705882353 0.6585365853658537 0.9180327868852459
1488 0.7665844155844157 0.928 0.5535714285714286 0.8181818181818182
1491 0.7671509281678773 0.8728813559322034 0.7142857142857143 0.7142857142857143
1494 0.8451002022430594 0.0 0.8738738738738738 0.8163265306122449
1497 0.7298296613627091 0.8125 0.5348837209302325 0.8421052631578947
1500 0.708994708994709 0.5 0.9047619047619048 0.7222222222222222
1503 0.8127731431899742 0.8726114649681529 0.725 0.8407079646017699
1506 0.6538239037371283 0.6716417910447762 0.5223880597014925 0.7674418604651163
1509 0.8555555555555555 1.0 0.6666666666666666 0.9
1512 0.7775015634771733 0.9038461538461539 0.575 0.8536585365853658
1515 0.840195184932027 0.9642857142857143 0.7017543859649122 0.8545454545454545
1518 0.856078431372549 0.98 0.75 0.8382352941176471
1521 0.6396825396825396 0.4666666666666667 0.7857142857142857 0.6666666666666666
1524 0.8911764705882352 1.0 0.7764705882352941 0.8970588235294118
1527 0.8357864357864359 1.0 0.7454545454545455 0.7619047619047619
1530 0.8212639894667545 1.0 0.673469387755102 0.7903225806451613
1533 0.7829059829059829 0.9316239316239316 0.6307692307692307 0.7863247863247863
1536 0.9039682539682539 0.95 0.8571428571428571 0.9047619047619048
1539 0.808675799086758 0.9666666666666667 0.726027397260274 0.7333333333333333
1542 0.8123085491506544 0.9047619047619048 0.6111111111111112 0.9210526315789473
1545 0.5720361509835193 0.5 0.4090909090909091 0.8070175438596491
1548 0.7969049008938889 0.8348623853211009 0.6716417910447762 0.8842105263157894
1551 0.8522281067779383 0.946236559139785 0.7 0.9104477611940298
1554 0.8397803477954308 0.9426229508196722 0.7419354838709677 0.8347826086956521
1557 0.47672651544999156 0.0 0.6687116564417178 0.7614678899082569
1560 0.6012500000000001 0.64 0.0 0.5625
1563 0.8223039215686274 0.9375 0.6470588235294118 0.8823529411764706
1566 0.48841698841698844 0.0 0.40540540540540543 0.5714285714285714
1569 0.6041784836453016 0.5930232558139535 0.5 0.7195121951219512
1572 0.7906810343366552 0.9328859060402684 0.696969696969697 0.7421875
1575 0.7616397296830518 0.925531914893617 0.6578947368421053 0.7014925373134329
1578 0.823051948051948 0.935064935064935 0.9090909090909091 0.625
1581 0.7934306747866069 0.8831168831168831 0.6666666666666666 0.8305084745762712
1584 0.7924380554748126 0.7219512195121951 0.8169014084507042 0.8384615384615385
1587 0.898125781339496 0.9491525423728814 0.8536585365853658 0.891566265060241
1590 0.7328042328042328 0.0 0.7037037037037037 0.7619047619047619
1593 0.745549024618792 0.7142857142857143 0.6153846153846154 0.9069767441860465
1596 0.9838709677419355 0.967741935483871 0.0 1.0
1599 0.7649936868686869 0.734375 0.8181818181818182 0.7424242424242424
1602 0.8882575757575758 0.8181818181818182 0.0 0.9583333333333334
1605 0.7908160192713037 0.9185185185185185 0.7317073170731707 0.7222222222222222
1608 0.6967392254567706 0.8536585365853658 0.5161290322580645 0.7204301075268817
1611 0.8315413225136453 0.7985074626865671 0.9 0.7961165048543689
1614 0.8489358793655826 0.8360655737704918 0.8450704225352113 0.8656716417910447
1617 0.7946729196729198 0.8888888888888888 0.625 0.8701298701298701
1620 0.8824175824175824 0.9076923076923077 0.0 0.8571428571428571
1623 0.7785714285714285 0.5333333333333333 0.9166666666666666 0.8857142857142857
1626 0.8016108467650572 0.9146341463414634 0.6712328767123288 0.8189655172413793
1629 0.6822144522144522 0.89 0.5384615384615384 0.6181818181818182
1632 0.8165910324076359 0.7835051546391752 0.8636363636363636 0.8026315789473685
1635 0.7420867553499132 0.8186813186813187 0.631578947368421 0.776
1638 0.7372357723577236 1.0 0.48 0.7317073170731707
1641 0.7696324143692564 0.5833333333333334 0.868421052631579 0.8571428571428571
1644 0.6874631751227497 0.46153846153846156 0.6808510638297872 0.92
1647 0.7894002133132568 0.8376623376623377 0.8043478260869565 0.7261904761904762
1650 0.8092691622103386 0.7272727272727273 0.8823529411764706 0.8181818181818182
1653 0.754139224029065 0.6857142857142857 0.8837209302325582 0.6929824561403509
1656 0.7736874694864193 0.751937984496124 0.7142857142857143 0.8548387096774194
1659 0.7294884929989821 0.9219858156028369 0.4838709677419355 0.782608695652174
1662 0.6956127329704768 0.6914893617021277 0.6046511627906976 0.7906976744186046
1665 0.8076209588312938 0.9294117647058824 0.6567164179104478 0.8367346938775511
1668 0.7513131006063062 0.7647058823529411 0.6744186046511628 0.8148148148148148
1671 0.771627824858757 0.75 0.734375 0.8305084745762712
1674 0.7553210678210678 0.9772727272727273 0.8125 0.47619047619047616
1677 0.5606617647058824 0.59375 0.2549019607843137 0.8333333333333334
1680 0.6171652421652422 0.625 0.6111111111111112 0.6153846153846154
1683 0.8748778103616814 1.0 0.8181818181818182 0.8064516129032258
1686 0.8012014453477869 0.8780487804878049 0.8055555555555556 0.72
1689 0.8042159180457054 0.8404255319148937 0.65 0.9222222222222223
1692 0.8576248313090418 0.8947368421052632 0.0 0.8205128205128205
1695 0.9409018921397015 0.8924731182795699 1.0 0.9302325581395349
1698 0.5217613927291347 0.0 0.6129032258064516 0.9523809523809523
1701 0.7851004675849866 0.7409326424870466 0.0 0.8292682926829268
1704 0.784801864801865 0.8974358974358975 0.696969696969697 0.76
1707 0.8004820823773625 0.6851851851851852 0.9375 0.7787610619469026
1710 0.9163436692506459 0.0 0.8604651162790697 0.9722222222222222
1713 0.567741935483871 0.0 0.8 0.9032258064516129
1716 0.8711943793911007 0.8852459016393442 0.0 0.8571428571428571
1719 0.769782085221579 0.8431372549019608 0.6140350877192983 0.8521739130434782
1722 0.7094455190199871 0.4772727272727273 0.8 0.851063829787234
1725 0.7390219497942075 0.6929824561403509 0.6923076923076923 0.8317757009345794
1728 0.8561007957559681 0.0 0.8275862068965517 0.8846153846153846
1731 0.6756944444444445 0.5 0.6833333333333333 0.84375
1734 0.7693614460170463 0.711864406779661 0.8333333333333334 0.7628865979381443
1737 0.8309873215533593 0.7301587301587301 0.8571428571428571 0.9056603773584906
1740 0.7768805127789684 0.851063829787234 0.6851851851851852 0.794392523364486
1743 0.7931843125671477 0.803921568627451 0.7459016393442623 0.8297297297297297
1746 0.73753432068709 0.5283018867924528 0.8709677419354839 0.8133333333333334
1749 0.7381533101045296 0.7571428571428571 0.7073170731707317 0.75
1752 0.6402070750647109 0.7540983606557377 0.0 0.5263157894736842
1755 0.5090439276485789 0.3333333333333333 0.3333333333333333 0.8604651162790697
1758 0.828027574454901 0.9139072847682119 0.7368421052631579 0.8333333333333334
1761 0.7211743439057413 0.8771929824561403 0.4827586206896552 0.8035714285714286
1764 0.8932178932178932 0.9523809523809523 0.7272727272727273 1.0
1767 0.7666666666666666 1.0 0.5 0.8
1770 0.7289589268755936 0.7037037037037037 0.5769230769230769 0.90625
1773 0.7815934065934066 1.0 0.5769230769230769 0.7678571428571429
1776 0.6643692564745196 0.7192982456140351 0.4166666666666667 0.8571428571428571
1779 0.7800571156592099 0.8219895287958116 0.8181818181818182 0.7
1782 0.7582799145299145 0.9791666666666666 0.5769230769230769 0.71875
1785 0.8406593406593407 0.8076923076923077 1.0 0.7142857142857143
1788 0.733335372273381 0.6440677966101694 0.7291666666666666 0.8267716535433071
1791 0.6404671717171717 0.6060606060606061 0.4090909090909091 0.90625
1794 0.6938405797101449 1.0 0.45652173913043476 0.625
1797 0.7410516621504347 0.9661016949152542 0.6363636363636364 0.6206896551724138
1800 0.7961556715709539 0.0 0.7551020408163265 0.8372093023255814
1803 0.8589432086353037 0.8256880733944955 0.8333333333333334 0.9178082191780822
1806 0.762290423415743 0.7941176470588235 0.8260869565217391 0.6666666666666666
1809 0.7497805092186128 0.9552238805970149 0.6470588235294118 0.6470588235294118
1812 0.7665730097914006 0.9259259259259259 0.41379310344827586 0.96
1815 0.7640211640211639 1.0 0.5142857142857142 0.7777777777777778
1818 0.9048821548821548 0.8888888888888888 0.9166666666666666 0.9090909090909091
1821 0.7703109055633658 0.7938931297709924 0.6857142857142857 0.8313253012048193
1824 0.5317460317460317 0.0 0.8333333333333334 0.7619047619047619
1827 0.6791044776119404 0.8582089552238806 0.0 0.5
1830 0.5635300372142478 0.5087719298245614 0.5 0.6818181818181818
1833 0.7684331797235023 0.8172043010752689 0.6666666666666666 0.8214285714285714
1836 0.7835692416501484 0.9081632653061225 0.5588235294117647 0.8837209302325582
1839 0.8853174603174603 0.9642857142857143 0.9 0.7916666666666666
1842 0.7074289619897107 0.8522167487684729 0.4768211920529801 0.7932489451476793
1845 0.8292542146200682 0.8617886178861789 0.7714285714285715 0.8545454545454545
1848 0.7135644857101408 0.8849557522123894 0.6 0.6557377049180327
1851 0.6091168091168092 0.9 0.3888888888888889 0.5384615384615384
1854 0.8060097833682739 1.0 0.6444444444444445 0.7735849056603774
1857 0.8241788271301306 0.9813084112149533 0.6578947368421053 0.8333333333333334
1860 0.7041775582148252 0.9591836734693877 0.3695652173913043 0.7837837837837838
1863 0.8727422003284072 1.0 0.6896551724137931 0.9285714285714286
1866 0.8939452704158587 0.7692307692307693 0.9411764705882353 0.9714285714285714
1869 0.8431613431613432 0.8378378378378378 0.0 0.8484848484848485
1872 0.9086247086247086 0.9454545454545454 0.0 0.8717948717948718
1875 0.7509300016302817 0.9183673469387755 0.48148148148148145 0.8529411764705882
1878 0.8805555555555555 0.975 1.0 0.6666666666666666
1881 0.8189655172413793 0.0 0.8045977011494253 0.8333333333333334
1884 0.7039237486391959 0.7926829268292683 0.7037037037037037 0.6153846153846154
1887 0.8042846768336963 1.0 0.6481481481481481 0.7647058823529411
1890 0.7286324786324787 0.7 0.7692307692307693 0.7166666666666667
1893 0.6977973007384772 0.39285714285714285 0.8181818181818182 0.8823529411764706
1896 0.6554908557625949 0.8238095238095238 0.46875 0.6739130434782609
1899 0.44563492063492066 0.0 0.6285714285714286 0.7083333333333334
1902 0.7592592592592592 0.6444444444444445 0.9333333333333333 0.7
1905 0.5592837134853942 0.25 0.5102040816326531 0.9176470588235294
1908 0.7585317460317461 0.7589285714285714 0.6666666666666666 0.85
1911 0.6359990489022748 0.3783783783783784 0.6909090909090909 0.8387096774193549
1914 0.7810314685314685 0.9711538461538461 0.0 0.5909090909090909
1917 0.7934718538166813 0.8717948717948718 0.75 0.7586206896551724
1920 0.7886382623224728 0.6666666666666666 0.8421052631578947 0.8571428571428571
1923 0.9047619047619048 1.0 0.8 0.9142857142857143
1926 0.7641570141570142 0.7567567567567568 0.6190476190476191 0.9166666666666666
1929 0.6483792846497765 0.9508196721311475 0.18181818181818182 0.8125
1932 0.8160612535612536 0.9375 0.8717948717948718 0.6388888888888888
1935 0.9193667351562088 0.9444444444444444 0.8947368421052632 0.918918918918919
1938 0.7811982915529082 0.7867647058823529 0.6770833333333334 0.879746835443038
1941 0.8298611111111112 0.9285714285714286 0.65625 0.9047619047619048
1944 0.7131147540983607 1.0 0.5 0.639344262295082
1947 0.9040668119099492 0.8592592592592593 1.0 0.8529411764705882
1950 0.801404853128991 0.0 0.7407407407407407 0.8620689655172413
1953 0.8148648648648649 0.7297297297297297 0.0 0.9
1956 0.7353426101371396 0.7611940298507462 0.5681818181818182 0.8766519823788547
1959 0.6720430107526881 1.0 0.5 0.5161290322580645
1962 0.7525288446341079 0.881578947368421 0.6216216216216216 0.7543859649122807
1965 0.8137626262626263 0.9191919191919192 0.0 0.7083333333333334
1968 0.37746806039488967 0.5714285714285714 0.0 0.5609756097560976
1971 0.8722222222222222 0.9666666666666667 0.0 0.7777777777777778
1974 0.7283882783882784 0.6923076923076923 0.6 0.8928571428571429
1977 0.7963940648723257 0.6964285714285714 0.8260869565217391 0.8666666666666667
1980 0.8303571428571428 0.0 0.8571428571428571 0.8035714285714286
1983 0.457541599570585 0.7407407407407407 0.06666666666666667 0.5652173913043478
1986 0.6531801531801532 0.7727272727272727 0.6153846153846154 0.5714285714285714
1989 0.7960526315789473 0.0 0.8421052631578947 0.75
1992 0.8889522899939566 0.9440559440559441 0.9259259259259259 0.796875
1995 0.8473597359735974 0.8613861386138614 0.0 0.8333333333333334
1998 0.7251937803883335 0.7889273356401384 0.546875 0.8397790055248618
2001 0.7300496465382332 0.8166666666666667 0.6551724137931034 0.7183098591549296
2004 0.6608695652173913 0.7217391304347827 0.0 0.6
2007 0.8473820754716982 0.9433962264150944 0.71875 0.88
2010 0.5256410256410257 0.5769230769230769 0.22641509433962265 0.7735849056603774
2013 0.8055999405592903 0.8814814814814815 0.7560975609756098 0.7792207792207793
2016 0.7369545659019342 0.7884615384615384 0.6153846153846154 0.8070175438596491
2019 0.7757278076700139 0.7978723404255319 0.7894736842105263 0.7398373983739838
2022 0.8360520094562648 0.7276595744680852 0.0 0.9444444444444444
2025 0.6991650956100189 1.0 0.5531914893617021 0.5443037974683544
2028 0.8352130325814536 0.8571428571428571 0.6842105263157895 0.9642857142857143
2031 0.6796782181760926 0.7272727272727273 0.5172413793103449 0.7945205479452054
2034 0.7542543244506779 0.9758064516129032 0.7 0.5869565217391305
2037 0.7839590964590964 0.0 0.6373626373626373 0.9305555555555556
2040 0.7862475292381834 0.8738738738738738 0.6904761904761905 0.794392523364486
2043 0.6649534789069672 0.9487179487179487 0.3953488372093023 0.6507936507936508
2046 0.8365079365079365 0.9428571428571428 0.6666666666666666 0.9
2049 0.8636468747874583 0.8047337278106509 1.0 0.7862068965517242
2052 0.9392857142857142 0.975 0.95 0.8928571428571429
2055 0.8938775510204082 0.0 0.8163265306122449 0.9714285714285714
2058 0.7587786259541984 0.0 0.7175572519083969 0.8
2061 0.739247311827957 0.0 0.6451612903225806 0.8333333333333334
2064 0.7015775966183575 0.6302083333333334 0.0 0.7729468599033816
2067 0.7340686274509804 0.625 0.0 0.8431372549019608
2070 0.7008913998744507 0.6271186440677966 0.5555555555555556 0.92
2073 0.7978723404255318 0.5 1.0 0.8936170212765957
2076 0.7355311355311356 1.0 0.5142857142857142 0.6923076923076923
2079 0.7546897546897546 0.9848484848484849 0.6363636363636364 0.6428571428571429
2082 0.7555282555282555 0.7837837837837838 0.0 0.7272727272727273
2085 0.8294971178692109 0.8666666666666667 0.8372093023255814 0.7846153846153846
2088 0.8254076086956521 0.0 0.78125 0.8695652173913043
2091 0.7665755190965274 0.8705882352941177 0.7346938775510204 0.6944444444444444
2094 0.7414587046939989 0.8295454545454546 0.5909090909090909 0.803921568627451
2097 0.8674136321195144 0.9411764705882353 0.8571428571428571 0.803921568627451
2100 0.7662101963372381 0.8689655172413793 0.6842105263157895 0.7454545454545455
2103 0.6588390296830194 0.47058823529411764 0.8695652173913043 0.6363636363636364
2106 0.7720803151607574 0.8278688524590164 0.7209302325581395 0.7674418604651163
2109 0.8740621242030269 0.94 0.7951807228915663 0.8870056497175142
2112 0.7978168784620397 0.8333333333333334 0.7419354838709677 0.8181818181818182
2115 0.7531494159101783 0.7163120567375887 0.8421052631578947 0.7010309278350515
2118 0.7962962962962963 0.8888888888888888 0.7857142857142857 0.7142857142857143
2121 0.8369047619047619 0.75 0.8857142857142857 0.875
2124 0.7583962264150944 0.8301886792452831 0.625 0.82
2127 0.7018401983218917 0.7473684210526316 0.6956521739130435 0.6625
2130 0.7824282771591485 0.6842105263157895 0.7560975609756098 0.9069767441860465
2133 0.8765017261219793 0.9240506329113924 0.8787878787878788 0.8266666666666667
2136 0.6564589763067922 0.7286432160804021 0.4838709677419355 0.7568627450980392
2139 0.6955424726661059 0.8048780487804879 0.0 0.5862068965517241
2142 0.7621359223300971 1.0 0.6213592233009708 0.6650485436893204
2145 0.4837490551776266 0.0 0.673469387755102 0.7777777777777778
2148 0.747128249183513 0.7931034482758621 0.5476190476190477 0.9006622516556292
2151 0.8222222222222222 0.0 0.7555555555555555 0.8888888888888888
2154 0.7775961075496891 0.7423312883435583 0.8070175438596491 0.7834394904458599
2157 0.6666666666666667 0.36904761904761907 0.0 0.9642857142857143
2160 0.8401771336553945 0.9166666666666666 0.8260869565217391 0.7777777777777778
2163 0.9556668821374704 0.9615384615384616 0.9411764705882353 0.9642857142857143
2166 0.7210011838322341 0.68 0.5925925925925926 0.8904109589041096
2169 0.6745924026179493 0.6174496644295302 0.6370967741935484 0.7692307692307693
2172 0.8187688308963653 0.8350515463917526 0.9655172413793104 0.6557377049180327
2175 0.6810945273631841 0.8955223880597015 0.0 0.4666666666666667
2178 0.8421760045274477 0.989247311827957 0.7083333333333334 0.8289473684210527
2181 0.8495830516114492 0.9 0.6781609195402298 0.9705882352941176
2184 0.7926300565164963 0.822429906542056 0.696969696969697 0.8584905660377359
2187 0.4162167282371885 0.0 0.3790849673202614 0.8695652173913043
2190 0.7513079513079512 0.6923076923076923 0.7333333333333333 0.8282828282828283
2193 0.5288888888888889 0.0 0.72 0.8666666666666667
2196 0.8008644800406813 0.9710144927536232 0.8 0.631578947368421
2199 0.8818615165364392 0.9649122807017544 0.8571428571428571 0.8235294117647058
2202 0.7930696305982347 0.5714285714285714 0.8947368421052632 0.9130434782608695
2205 0.8196594427244581 0.0 0.8235294117647058 0.8157894736842105
2208 0.7326027069110074 0.8677685950413223 0.5909090909090909 0.7391304347826086
2211 0.6363636363636364 0.0 0.5454545454545454 0.7272727272727273
2214 0.9393939393939394 0.0 0.9090909090909091 0.9696969696969697
2217 0.7287500000000001 0.78 0.625 0.78125
2220 0.8571428571428572 1.0 0.8571428571428571 0.7142857142857143
2223 0.6665151515151515 0.45454545454545453 0.825 0.72
2226 0.8013784461152881 0.8412698412698413 0.6944444444444444 0.868421052631579
2229 0.739010989010989 0.6923076923076923 0.0 0.7857142857142857
2232 0.9160765599343185 0.9642857142857143 0.8620689655172413 0.921875
2235 0.7897530864197532 0.81 0.7592592592592593 0.8
2238 0.811809346292105 0.812807881773399 0.0 0.8108108108108109
2241 0.7769871937227034 0.8734177215189873 0.6842105263157895 0.7733333333333333
2244 0.8446969696969697 1.0 0.625 0.9090909090909091
2247 0.4444444444444444 0.0 0.7619047619047619 0.5714285714285714
2250 0.864902122966639 1.0 0.8205128205128205 0.7741935483870968
2253 0.7946969696969696 0.9090909090909091 0.6 0.875
2256 0.7017363439898651 0.7464788732394366 0.7142857142857143 0.6444444444444445
2259 0.8483525767389468 0.0 0.7910447761194029 0.9056603773584906
2262 0.8740079365079364 1.0 0.8125 0.8095238095238095
2265 0.65633423180593 0.7142857142857143 0.5 0.7547169811320755
2268 0.5592592592592592 0.4 0.5 0.7777777777777778
2271 0.81227347325311 0.8481012658227848 0.6756756756756757 0.9130434782608695
2274 0.7455323383084577 0.856 0.5 0.8805970149253731
2277 0.8726220741649864 0.8235294117647058 0.9090909090909091 0.8852459016393442
2280 0.9018640350877193 1.0 0.96875 0.7368421052631579
2283 0.7662953868782841 0.9824561403508771 0.7647058823529411 0.5517241379310345
2286 0.859920634920635 0.8 0.875 0.9047619047619048
2289 0.7974074074074073 0.0 0.78 0.8148148148148148
2292 0.7509487666034156 0.8548387096774194 0.0 0.6470588235294118
2295 0.7913807060148524 0.8311688311688312 0.7380952380952381 0.8048780487804879
2298 0.7663125507953094 0.8620689655172413 0.6590909090909091 0.7777777777777778
2301 0.6896180642527808 0.5862068965517241 0.7142857142857143 0.768361581920904
2304 0.7147239894608316 0.7017543859649122 0.6538461538461539 0.7885714285714286
2307 0.8924485125858124 1.0 0.8947368421052632 0.782608695652174
2310 0.7175505050505051 0.9318181818181818 0.7 0.5208333333333334
2313 0.8124893306224171 0.8089171974522293 0.8059701492537313 0.8225806451612904
2316 0.6754300551768906 0.0 0.6329113924050633 0.717948717948718
2319 0.624834656084656 0.1111111111111111 0.8571428571428571 0.90625
2322 0.6948343079922027 0.8055555555555556 0.7 0.5789473684210527
2325 0.8223978919631093 1.0 0.5217391304347826 0.9454545454545454
2328 0.8101063469484521 0.9924812030075187 0.6 0.8378378378378378
2331 0.8680836707152496 0.9736842105263158 0.8421052631578947 0.7884615384615384
2334 0.8490796737982405 0.8300653594771242 0.8775510204081632 0.839622641509434
2337 0.6916666666666667 0.8 0.0 0.5833333333333334
2340 0.8456017556017557 0.9807692307692307 0.7027027027027027 0.8533333333333334
2343 0.74247311827957 0.9274193548387096 0.7 0.6
2346 0.8806535947712418 0.94 0.8 0.9019607843137255
2349 0.8102486324708548 0.7757575757575758 0.8648648648648649 0.7901234567901234
2352 0.6109584859584859 0.7019230769230769 0.5119047619047619 0.6190476190476191
2355 0.8055128861580473 0.9761904761904762 0.7419354838709677 0.6984126984126984
2358 0.7081010776662952 0.8717948717948718 0.5217391304347826 0.7307692307692307
2361 0.8950298380221654 0.82 0.9411764705882353 0.9239130434782609
2364 0.7165303831970499 0.9696969696969697 0.47619047619047616 0.7037037037037037
2367 0.7354688710927408 0.7974683544303798 0.0 0.673469387755102
2370 0.7589560325239427 0.8915094339622641 0.676056338028169 0.7093023255813954
2373 0.7280265339966833 0.68 0.6533333333333333 0.8507462686567164
2376 0.7368421052631579 0.8070175438596491 0.0 0.6666666666666666
2379 0.6897477187332259 0.8405797101449275 0.5185185185185185 0.7101449275362319
2382 0.7869480056980057 0.5555555555555556 0.84375 0.9615384615384616
2385 0.8777429467084639 0.9827586206896551 0.0 0.7727272727272727
2388 0.8981481481481483 1.0 0.6944444444444444 1.0
2391 0.7402337858220212 0.7692307692307693 0.525 0.9264705882352942
2394 0.8550587343690793 0.9871794871794872 0.7619047619047619 0.8160919540229885
2397 0.6193729199509546 0.0 0.4508670520231214 0.7878787878787878
2400 0.7157738095238094 0.71875 0.6666666666666666 0.7619047619047619
2403 0.8218623481781376 0.8846153846153846 0.6578947368421053 0.9230769230769231
2406 0.5862243538502532 0.4888888888888889 0.5 0.7697841726618705
2409 0.6001466528640441 0.6041666666666666 0.45714285714285713 0.7391304347826086
2412 0.6895604395604396 0.0 0.5714285714285714 0.8076923076923077
2415 0.7987593504834885 0.7931034482758621 0.8888888888888888 0.7142857142857143
2418 0.7398469055155682 0.8323353293413174 0.5909090909090909 0.7962962962962963
2421 0.7032371518805628 0.7083333333333334 0.6976744186046512 0.7037037037037037
2424 0.7406924553756746 0.8181818181818182 0.609375 0.7945205479452054
2427 0.8775252525252526 0.8977272727272727 0.9166666666666666 0.8181818181818182
2430 0.6637871293043707 0.46153846153846156 0.6379310344827587 0.8918918918918919
2433 0.685939060939061 0.0 0.5064935064935064 0.8653846153846154
2436 0.7998663558663558 0.832 0.7727272727272727 0.7948717948717948
2439 0.7643523547141039 0.9262295081967213 0.6226415094339622 0.7441860465116279
2442 0.7738095238095238 0.75 0.8333333333333334 0.7380952380952381
2445 0.8590906709718591 0.922077922077922 0.873015873015873 0.7821782178217822
2448 0.6964692759105681 0.6379310344827587 0.6666666666666666 0.7848101265822784
2451 0.7310035842293907 0.6555555555555556 0.0 0.8064516129032258
2454 0.7499895316458346 0.8524590163934426 0.6388888888888888 0.7586206896551724
2457 0.78078191238813 0.7979274611398963 0.0 0.7636363636363637
2460 0.7594260927594262 1.0 0.6486486486486487 0.6296296296296297
2463 0.8213309566250743 0.9090909090909091 0.5882352941176471 0.9666666666666667
2466 0.8690476190476191 1.0 0.75 0.8571428571428571
2469 0.7582240625718887 0.782608695652174 0.6428571428571429 0.8492063492063492
2472 0.696969696969697 0.7272727272727273 0.0 0.6666666666666666
2475 0.7126293995859214 0.8857142857142857 0.6 0.6521739130434783
2478 0.6687305530462712 0.7160493827160493 0.5609756097560976 0.7291666666666666
2481 0.8139237026766591 0.7540983606557377 0.8518518518518519 0.835820895522388
2484 0.5704898446833931 0.8709677419354839 0.3888888888888889 0.45161290322580644
2487 0.6845490000829807 0.5 0.6410256410256411 0.912621359223301
2490 0.7704545454545455 1.0 0.675 0.6363636363636364
2493 0.8205098028356225 0.9180327868852459 0.6216216216216216 0.921875
2496 0.6908837314909421 0.7843137254901961 0.5806451612903226 0.7076923076923077
2499 0.7929975429975431 0.8181818181818182 0.75 0.8108108108108109
2502 0.7311939268461009 0.6666666666666666 0.717391304347826 0.8095238095238095
2505 0.780709534368071 0.0 0.6341463414634146 0.9272727272727272
2508 0.5846390093286034 0.1875 0.6511627906976745 0.9152542372881356
2511 0.6661639014580191 0.5897435897435898 0.5882352941176471 0.8205128205128205
2514 0.7973196881091619 0.8947368421052632 0.7222222222222222 0.775
2517 0.6900913900913901 0.6464646464646465 0.6904761904761905 0.7333333333333333
2520 0.7676656515319306 0.8449612403100775 0.5892857142857143 0.86875
2523 0.8476190476190476 0.7428571428571429 1.0 0.8
2526 0.811111111111111 0.9333333333333333 0.8181818181818182 0.6818181818181818
2529 0.6950523654749006 0.8076923076923077 0.5774647887323944 0.7
2532 0.7868246897285008 0.8620689655172413 0.7105263157894737 0.7878787878787878
2535 0.49681159420289855 0.0 0.86 0.6304347826086957
2538 0.8232798165137615 0.8073394495412844 0.85 0.8125
2541 0.5295928840232638 0.0 0.7027027027027027 0.8860759493670886
2544 0.8193510737628383 0.9083333333333333 0.7261904761904762 0.8235294117647058
2547 0.7791147170272582 0.7129629629629629 0.8125 0.8118811881188119
2550 0.7822751322751323 1.0 0.4857142857142857 0.8611111111111112
2553 0.8015240120503279 0.7631578947368421 0.7777777777777778 0.8636363636363636
2556 0.7532515793385359 1.0 0.5641025641025641 0.6956521739130435
2559 0.5196602617655249 0.7777777777777778 0.22857142857142856 0.5526315789473685
2562 0.7143763213530655 0.9 0.5454545454545454 0.6976744186046512
2565 0.8300684261974585 0.9483870967741935 0.86 0.6818181818181818
2568 0.8276314910698908 0.9225806451612903 0.6956521739130435 0.8646616541353384
2571 0.7004896476806589 0.8831168831168831 0.5666666666666667 0.651685393258427
2574 0.7617845117845118 0.8939393939393939 0.0 0.6296296296296297
2577 0.6401620982154094 0.5365853658536586 0.6470588235294118 0.7368421052631579
2580 0.8425364758698092 0.9333333333333333 0.6590909090909091 0.9351851851851852
2583 0.7537305831423478 0.6952380952380952 0.8235294117647058 0.7424242424242424
2586 0.79004329004329 0.875 0.7678571428571429 0.7272727272727273
2589 0.7754706533776301 1.0 0.5357142857142857 0.7906976744186046
2592 0.5526094276094277 0.22727272727272727 0.6111111111111112 0.8194444444444444
2595 0.9044384057971014 0.8695652173913043 0.90625 0.9375
2598 0.8055128205128205 0.9466666666666667 0.675 0.7948717948717948
2601 0.8171768707482994 0.8010204081632653 0.0 0.8333333333333334
2604 0.7437437437437437 0.5555555555555556 1.0 0.6756756756756757
2607 0.8275620254388935 0.8620689655172413 0.717391304347826 0.9032258064516129
2610 0.6497584541062802 0.5217391304347826 0.0 0.7777777777777778
2613 0.6961681804649804 0.7786259541984732 0.5416666666666666 0.7682119205298014
2616 0.8910632746249184 0.958904109589041 1.0 0.7142857142857143
2619 0.7587991718426501 0.9285714285714286 0.5 0.8478260869565217
2622 0.8315133650432104 0.8305084745762712 0.7727272727272727 0.8913043478260869
2625 0.6590909090909091 0.75 0.5454545454545454 0.6818181818181818
2628 0.8197588582677166 0.8582677165354331 0.0 0.78125
2631 0.5591478696741855 0.0 0.7631578947368421 0.9142857142857143
2634 0.8855158730158731 0.8690476190476191 1.0 0.7875
2637 0.8411568409343715 0.8758620689655172 0.0 0.8064516129032258
2640 0.667057239057239 0.744 0.54 0.7171717171717171
2643 0.7686868686868685 0.7878787878787878 0.5681818181818182 0.95
2646 0.7441291585127201 0.773972602739726 0.0 0.7142857142857143
2649 0.7208333333333333 1.0 0.5625 0.6
2652 0.8007405697578239 0.7419354838709677 0.8372093023255814 0.823076923076923
2655 0.9104477611940298 0.8208955223880597 0.0 1.0
2658 0.6012776342233707 0.48148148148148145 0.627906976744186 0.6944444444444444
2661 0.7998778998778998 0.9615384615384616 0.6666666666666666 0.7714285714285715
2664 0.38306451612903225 0.0 0.375 0.7741935483870968
2667 0.7619604741164374 0.7337662337662337 0.6805555555555556 0.8715596330275229
2670 0.7581615304387581 0.8415841584158416 0.5757575757575758 0.8571428571428571
2673 0.5340323285277414 0.944954128440367 0.0 0.6571428571428571
2676 0.8297619047619048 0.8571428571428571 0.8571428571428571 0.775
2679 0.834280303030303 0.8958333333333334 0.0 0.7727272727272727
2682 0.6238636363636364 0.5625 0.4 0.9090909090909091
2685 0.4318555008210181 0.0 0.38095238095238093 0.4827586206896552
2688 0.9111111111111111 1.0 0.8333333333333334 0.9
2691 0.772561889265786 0.9529411764705882 0.5925925925925926 0.7721518987341772
2694 0.6614573407026237 0.7924528301886793 0.5555555555555556 0.6363636363636364
2697 0.7194800335147359 0.7707006369426752 0.6222222222222222 0.7655172413793103
2700 0.8284694107062528 0.868421052631579 0.8461538461538461 0.7708333333333334
2703 0.829334453486421 0.8264462809917356 0.8108108108108109 0.8507462686567164
2706 0.796170832078691 0.691358024691358 0.9166666666666666 0.7804878048780488
2709 0.7902214634609 0.898989898989899 0.7111111111111111 0.7605633802816901
2712 0.5561315165876777 0.0 0.8246445497630331 0.84375
2715 0.8621323529411764 0.9117647058823529 0.0 0.8125
2718 0.8197543874149379 0.6576576576576577 0.875 0.926605504587156
2721 0.7817710522628555 0.8333333333333334 0.6923076923076923 0.819672131147541
2724 0.7593899782135076 0.7555555555555555 0.6533333333333333 0.869281045751634
2727 0.8288741613483882 0.7261904761904762 0.9047619047619048 0.8556701030927835
2730 0.759018759018759 0.6666666666666666 0.9285714285714286 0.6818181818181818
2733 0.6774701906280853 0.7456140350877193 0.4772727272727273 0.8095238095238095
2736 1.0 1.0 0.0 1.0
2739 0.7530411877394636 0.7666666666666667 0.5862068965517241 0.90625
2742 0.7551347881899871 0.75 0.7105263157894737 0.8048780487804879
2745 0.714963503649635 0.7299270072992701 0.0 0.7
2748 0.8455937358441726 0.96 0.7450980392156863 0.8316831683168316
2751 0.7018897083491451 0.5 0.7378277153558053 0.8678414096916299
2754 0.8779072504708099 0.8020833333333334 0.9333333333333333 0.8983050847457628
2757 0.884469696969697 0.9204545454545454 0.0 0.8484848484848485
2760 0.7927170868347339 0.7619047619047619 0.0 0.8235294117647058
2763 0.8230614704700683 0.9007633587786259 0.8 0.7684210526315789
2766 0.7309469696969697 0.84375 0.64 0.7090909090909091
2769 0.6544991511035654 0.0 0.631578947368421 0.6774193548387096
2772 0.8594771241830065 1.0 0.6666666666666666 0.9117647058823529
2775 0.8247913510944787 0.9482758620689655 0.6888888888888889 0.8372093023255814
2778 0.6274853801169591 0.36666666666666664 0.6526315789473685 0.8631578947368421
2781 0.7271096132242016 0.8955223880597015 0.56 0.7258064516129032
2784 0.7127431955018162 0.6883116883116883 0.7142857142857143 0.735632183908046
2787 0.8793509107855176 0.8349514563106796 0.9024390243902439 0.9006622516556292
2790 0.8099698535745047 0.875 0.6944444444444444 0.8604651162790697
2793 0.818779147379553 0.8620689655172413 0.6923076923076923 0.9019607843137255
2796 0.7426218256691833 1.0 0.41935483870967744 0.8085106382978723
2799 0.6928210678210679 0.6428571428571429 0.7083333333333334 0.7272727272727273
2802 0.7108108108108109 0.0 0.6216216216216216 0.8
2805 0.7923370429252783 0.8738738738738738 0.6764705882352942 0.8266666666666667
2808 0.7745611690278892 0.8604651162790697 0.5666666666666667 0.896551724137931
2811 0.8441075327867781 0.8378378378378378 0.8076923076923077 0.8867924528301887
2814 0.7213450292397661 0.9473684210526315 0.5 0.7166666666666667
2817 0.6601098236306948 0.6923076923076923 0.6052631578947368 0.6827586206896552
2820 0.7890350877192982 1.0 0.525 0.8421052631578947
2823 0.8535066981875493 0.9722222222222222 0.6382978723404256 0.95
2826 0.7896341463414633 0.8292682926829268 0.0 0.75
2829 0.7546872407499586 0.9285714285714286 0.5306122448979592 0.8048780487804879
2832 0.692918192918193 0.7692307692307693 0.5428571428571428 0.7666666666666667
2835 0.7731559821354268 0.8461538461538461 0.7021276595744681 0.7711864406779662
2838 0.7702453597762523 0.8596491228070176 0.625 0.8260869565217391
2841 0.8471264367816091 0.8275862068965517 0.0 0.8666666666666667
2844 0.821443735937253 0.8950276243093923 0.7647058823529411 0.8045977011494253
2847 0.7920565107290418 0.8688524590163934 0.8 0.7073170731707317
2850 0.751592889625195 0.8502202643171806 0.5925925925925926 0.811965811965812
2853 0.7359125696568917 0.8955223880597015 0.45714285714285713 0.855072463768116
2856 0.7214484871812914 0.7464788732394366 0.6829268292682927 0.7349397590361446
2859 0.7994750893705599 0.9489795918367347 0.6585365853658537 0.7909090909090909
2862 0.9460680001891522 0.9622641509433962 0.9473684210526315 0.9285714285714286
2865 0.6115555555555555 0.968 0.0 0.8666666666666667
2868 0.7952095380880988 0.8571428571428571 0.8043478260869565 0.7241379310344828
2871 0.6626009240233022 0.6439024390243903 0.5298507462686567 0.8140495867768595
2874 0.7816091954022988 0.896551724137931 0.0 0.6666666666666666
2877 0.7088183421516755 0.9285714285714286 0.45714285714285713 0.7407407407407407
2880 0.5834328952608522 0.8148148148148148 0.0 0.9354838709677419
2883 0.661531279178338 0.8571428571428571 0.5 0.6274509803921569
2886 0.8099092707258341 0.8421052631578947 0.7647058823529411 0.8229166666666666
2889 0.8172131147540984 0.8 0.75 0.9016393442622951
2892 0.7834770468916811 0.8181818181818182 0.7111111111111111 0.8211382113821138
2895 0.79308083292343 0.7476635514018691 0.8 0.8315789473684211
2898 0.8685714285714285 0.88 0.0 0.8571428571428571
2901 0.8198310159550469 0.8285714285714286 0.8518518518518519 0.7790697674418605
2904 0.8013046757164405 0.7403846153846154 0.84 0.8235294117647058
2907 0.7567305795557658 0.7928571428571428 0.704225352112676 0.773109243697479
2910 0.8404293818466354 0.9577464788732394 0.7666666666666667 0.796875
2913 0.8467592592592593 0.9444444444444444 0.7291666666666666 0.8666666666666667
2916 0.8262779233468046 0.8539325842696629 0.7727272727272727 0.8521739130434782
2919 0.7789351851851851 1.0 0.53125 0.8055555555555556
2922 0.7911701010038436 0.8275862068965517 0.8082191780821918 0.7377049180327869
2925 0.6271043771043772 0.9814814814814815 0.0 0.2727272727272727
2928 0.876827485380117 0.8333333333333334 0.9375 0.8596491228070176
2931 0.7278899422758692 0.7884615384615384 0.6341463414634146 0.7610619469026548
2934 0.7530303030303029 0.7333333333333333 0.0 0.7727272727272727
2937 0.8198448648213811 0.7966101694915254 0.7954545454545454 0.8674698795180723
2940 0.8472222222222222 1.0 0.6666666666666666 0.875
2943 0.9479565772669222 0.9827586206896551 1.0 0.8611111111111112
2946 0.8171869488536155 0.9037037037037037 0.7428571428571429 0.805
2949 0.861111111111111 1.0 0.6666666666666666 0.9166666666666666
2952 0.6526191080646526 0.0 0.5445544554455446 0.7606837606837606
2955 0.8314907773775074 0.8983050847457628 0.6571428571428571 0.9390243902439024
2958 0.6890055847295157 0.6666666666666666 0.6046511627906976 0.7956989247311828
2961 0.7018990504747626 0.8448275862068966 0.5652173913043478 0.6956521739130435
2964 0.7087099615259814 0.524822695035461 0.8235294117647058 0.7777777777777778
2967 0.8836106422313318 0.9655172413793104 0.7878787878787878 0.8974358974358975
2970 0.8426767676767676 0.803030303030303 0.85 0.875
2973 0.6805555555555555 0.875 0.3333333333333333 0.8333333333333334
2976 0.7280682476346146 0.9193548387096774 0.5245901639344263 0.7402597402597403
2979 0.9693622035645898 0.9726027397260274 1.0 0.9354838709677419
2982 0.40806244711919 0.0 0.480225988700565 0.7439613526570048
2985 0.8670634920634921 0.7083333333333334 1.0 0.8928571428571429
2988 0.7993487993487993 0.6031746031746031 0.9230769230769231 0.8717948717948718
2991 0.7391222462796851 0.8032786885245902 0.76 0.6540880503144654
2994 0.9025121859767529 1.0 0.8571428571428571 0.8503937007874016
2997 0.9213114754098362 0.9426229508196722 0.0 0.9
3000 0.8150793650793652 0.7666666666666667 0.7142857142857143 0.9642857142857143
3003 0.6620370370370371 0.875 0.5 0.6111111111111112
3006 0.8114890400604686 0.8222222222222222 0.7346938775510204 0.8775510204081632
3009 0.7644688441194094 0.7410071942446043 0.7551020408163265 0.7972972972972973
3012 0.801708469647401 0.7938931297709924 0.0 0.8095238095238095
3015 0.9044943820224719 0.8089887640449438 0.0 1.0
3018 0.7471276229790161 0.7764705882352941 0.543859649122807 0.9210526315789473
3021 0.7599807599807599 0.7878787878787878 0.7142857142857143 0.7777777777777778
3024 0.8573861317763757 0.8414634146341463 0.8928571428571429 0.8378378378378378
3027 0.7320039551746869 0.0 0.581081081081081 0.8829268292682927
3030 0.7325731128548031 0.8383838383838383 0.6410256410256411 0.7183098591549296
3033 0.7301110128696336 0.7944444444444444 0.5769230769230769 0.8189655172413793
3036 0.7588904694167852 0.0 0.6756756756756757 0.8421052631578947
3039 0.7993912609545685 0.8271604938271605 0.7674418604651163 0.8035714285714286
3042 0.5809438470728793 0.4444444444444444 0.5483870967741935 0.75
3045 0.7932438303359309 0.8350515463917526 0.7804878048780488 0.7641921397379913
3048 0.6397460623593699 0.5294117647058824 0.6029411764705882 0.7868852459016393
3051 0.8437313909906123 0.8828125 0.8205128205128205 0.8278688524590164
3054 0.8006452708439463 0.9403973509933775 0.8 0.6615384615384615
3057 0.7444444444444445 0.6428571428571429 0.7619047619047619 0.8285714285714286
3060 0.8351134079816251 0.9534883720930233 0.7 0.8518518518518519
3063 0.7287516167955763 0.631578947368421 0.7872340425531915 0.7674418604651163
3066 0.8541666666666667 0.75 0.0 0.9583333333333334
3069 0.7666458398417162 0.7666666666666667 0.6363636363636364 0.8969072164948454
3072 0.7541149068322982 0.7232142857142857 0.8 0.7391304347826086
3075 0.8015426308109235 0.6097560975609756 1.0 0.7948717948717948
3078 0.8270697167755992 0.625 0.9444444444444444 0.9117647058823529
3081 0.5734989648033126 0.7857142857142857 0.43478260869565216 0.5
3084 0.7733310729355033 0.90625 0.7428571428571429 0.6708860759493671
3087 0.8516891891891891 0.0 0.825 0.8783783783783784
3090 0.756439393939394 0.8375 0.6363636363636364 0.7954545454545454
3093 0.855563155494756 0.9901960784313726 0.0 0.7209302325581395
3096 0.7380952380952381 1.0 0.5 0.7142857142857143
3099 0.9423798798798799 0.972972972972973 1.0 0.8541666666666666
3102 0.6019536019536019 0.6153846153846154 0.42857142857142855 0.7619047619047619
3105 0.8824786324786325 0.9807692307692307 0.9166666666666666 0.75
3108 0.8316372682044323 1.0 0.6590909090909091 0.835820895522388
3111 0.8846658112418476 0.8085106382978723 0.9302325581395349 0.9152542372881356
3114 0.8194524773472142 0.8571428571428571 0.6538461538461539 0.9473684210526315
3117 0.72114946115984 0.8671328671328671 0.4878048780487805 0.8085106382978723
3120 0.8278956439056279 1.0 0.5822784810126582 0.9014084507042254
3123 0.7294266594320854 0.7216494845360825 0.631578947368421 0.8350515463917526
3126 0.8301393728222997 0.0 0.7317073170731707 0.9285714285714286
3129 0.7377081356625923 0.6105263157894737 0.7439024390243902 0.8586956521739131
3132 0.7992027999222243 0.8273381294964028 0.8 0.7702702702702703
3135 0.7810633982460607 0.7928571428571428 0.8070175438596491 0.7433155080213903
3138 0.930239898989899 0.9513888888888888 0.0 0.9090909090909091
3141 0.8266081871345029 0.7631578947368421 0.75 0.9666666666666667
3144 0.8287843592721642 0.8048780487804879 0.8928571428571429 0.7886178861788617
3147 0.7802298850574712 1.0 0.6206896551724138 0.72
3150 0.7516117216117216 0.84 0.5576923076923077 0.8571428571428571
3153 0.6833862137613537 0.9583333333333334 0.3684210526315789 0.723404255319149
3156 0.8780932374682374 0.921875 0.8205128205128205 0.8918918918918919
3159 0.7485456621004566 0.928 0.6875 0.6301369863013698
3162 0.6686507936507936 1.0 0.4642857142857143 0.5416666666666666
3165 0.8018325317548403 0.8533333333333334 0.8823529411764706 0.6698113207547169
3168 0.8247863247863249 1.0 0.6666666666666666 0.8076923076923077
3171 0.776073569576773 0.776595744680851 0.639344262295082 0.9122807017543859
3174 0.5980772081401012 0.8148148148148148 0.4339622641509434 0.5454545454545454
3177 0.7979302832244008 0.7222222222222222 0.75 0.9215686274509803
3180 0.8216911764705883 0.0 0.7058823529411765 0.9375
3183 0.6903242396615002 0.788659793814433 0.5 0.782312925170068
3186 0.6241193919169448 0.0 0.43103448275862066 0.8172043010752689
3189 0.4816691505216095 0.2 0.4909090909090909 0.7540983606557377
3192 0.8027065527065527 0.9166666666666666 0.7692307692307693 0.7222222222222222
3195 0.7488513830285983 0.8354430379746836 0.6111111111111112 0.8
3198 0.925579322638146 0.9411764705882353 0.9090909090909091 0.9264705882352942
3201 0.7599999999999999 0.7333333333333333 0.6666666666666666 0.88
3204 0.7807017543859649 0.0 0.6666666666666666 0.8947368421052632
3207 0.8738425925925926 1.0 0.7777777777777778 0.84375
3210 0.7948191240969672 0.8148148148148148 0.7627118644067796 0.806930693069307
3213 0.8444444444444444 0.8 0.0 0.8888888888888888
3216 0.8080357142857143 0.8660714285714286 0.0 0.75
3219 0.7192794434173745 0.7701149425287356 0.5757575757575758 0.811965811965812
3222 0.8859335038363171 0.8588235294117647 0.0 0.9130434782608695
3225 0.728814246886536 0.9036144578313253 0.5555555555555556 0.7272727272727273
3228 0.8552212750022029 0.9487179487179487 0.84375 0.7731958762886598
3231 0.7362998002733102 0.8079470198675497 0.62 0.780952380952381
3234 0.7923358232181762 0.7678571428571429 0.7647058823529411 0.8444444444444444
3237 0.5318263607737292 0.5384615384615384 0.47368421052631576 0.5833333333333334
3240 0.829835390946502 0.8950617283950617 0.7333333333333333 0.8611111111111112
3243 0.7532467532467533 0.0 0.7428571428571429 0.7636363636363637
3246 0.853641456582633 0.0 0.7857142857142857 0.9215686274509803
3249 0.7339520839520839 0.8040540540540541 0.6285714285714286 0.7692307692307693
3252 0.9024837592873537 0.8727272727272727 0.926829268292683 0.9078947368421053
3255 0.8071061243571762 0.8387096774193549 0.8 0.782608695652174
3258 0.7696428571428572 0.8214285714285714 0.6875 0.8
3261 0.8416772959183674 1.0 0.673469387755102 0.8515625
3264 0.7593795093795094 0.9090909090909091 0.4642857142857143 0.9047619047619048
3267 0.6853489970306402 0.5363636363636364 0.6578947368421053 0.8617886178861789
3270 0.7282397782397781 0.85 0.527027027027027 0.8076923076923077
3273 0.5556820056077849 0.6627906976744186 0.40425531914893614 0.6
3276 0.8346883468834688 0.8888888888888888 0.0 0.7804878048780488
3279 0.6644466644466646 0.5714285714285714 0.5757575757575758 0.8461538461538461
3282 0.8804713804713804 0.9090909090909091 0.0 0.8518518518518519
3285 0.8051540616246499 0.7983193277310925 0.76 0.8571428571428571
3288 0.7113108635675615 0.7313432835820896 0.5979381443298969 0.8046511627906977
3291 0.8016075305037802 0.8647540983606558 0.725 0.815068493150685
3294 0.8332298315220518 0.8941176470588236 0.7419354838709677 0.8636363636363636
3297 0.7344215861657721 0.6538461538461539 0.6744186046511628 0.875
3300 0.7724358974358975 0.7916666666666666 0.8076923076923077 0.717948717948718
3303 0.6768115942028985 0.42028985507246375 0.0 0.9333333333333333
3306 0.8915728932233059 0.967741935483871 0.8 0.9069767441860465
3309 0.8430021836518765 0.8955223880597015 0.9411764705882353 0.6923076923076923
3312 0.7410497789188417 0.9512195121951219 0.6666666666666666 0.6052631578947368
3315 0.7527657527657526 0.9090909090909091 0.5714285714285714 0.7777777777777778
3318 0.7739525716828788 0.0 0.6635514018691588 0.8843537414965986
3321 0.7801410422049958 0.78125 0.5813953488372093 0.9777777777777777
3324 0.7872977417370675 0.835820895522388 0.8536585365853658 0.6724137931034483
3327 0.592741935483871 0.0 0.25 0.9354838709677419
3330 0.8777948455367811 0.9032258064516129 0.8571428571428571 0.873015873015873
3333 0.7804402844173062 0.6712328767123288 0.8636363636363636 0.8064516129032258
3336 0.841929267016375 0.9512195121951219 0.8163265306122449 0.7582417582417582
3339 0.7027954669529922 0.900990099009901 0.391304347826087 0.8160919540229885
3342 0.8707264957264957 0.8803418803418803 0.0 0.8611111111111112
3345 0.8459191456903127 0.8421052631578947 0.9565217391304348 0.7391304347826086
3348 0.7069515755562268 0.4318181818181818 0.8604651162790697 0.8285714285714286
3351 0.9432624113475176 1.0 1.0 0.8297872340425532
3354 0.7560980543602192 0.8773584905660378 0.5277777777777778 0.8631578947368421
3357 0.9010989010989011 1.0 0.8461538461538461 0.8571428571428571
3360 0.7512512512512513 0.8648648648648649 0.75 0.6388888888888888
3363 0.7800755288514233 0.8641975308641975 0.6285714285714286 0.847457627118644
3366 0.8354166666666667 1.0 0.65625 0.85
3369 0.7382299835610532 0.9523809523809523 0.5526315789473685 0.7096774193548387
3372 0.7902021919879062 0.8888888888888888 0.6041666666666666 0.8775510204081632
3375 0.7458628841607565 0.9042553191489362 0.6785714285714286 0.6547619047619048
3378 0.7229976736457294 1.0 0.5588235294117647 0.6101694915254238
3381 0.7703427961335342 0.8188976377952756 0.6785714285714286 0.8135593220338984
3384 0.6722222222222223 0.0 0.6111111111111112 0.7333333333333333
3387 0.7522541561003099 0.8928571428571429 0.5 0.863905325443787
3390 0.6725829725829726 0.9 0.42727272727272725 0.6904761904761905
3393 0.7844123192960403 1.0 0.4883720930232558 0.8648648648648649
3396 0.7459313327926466 0.948905109489051 0.5666666666666667 0.7222222222222222
3399 0.7243867243867244 0.8571428571428571 0.36363636363636365 0.9523809523809523
3402 0.8148880105401846 0.8840579710144928 0.7272727272727273 0.8333333333333334
3405 0.7516345585806133 0.7965116279069767 0.6611570247933884 0.7972350230414746
3408 0.6706816059757236 0.6666666666666666 0.5882352941176471 0.7571428571428571
3411 0.641025641025641 0.9230769230769231 0.21428571428571427 0.7857142857142857
3414 0.8243153287732263 0.8857142857142857 0.7391304347826086 0.8481012658227848
3417 0.7874900566979774 0.8466666666666667 0.6346153846153846 0.8811881188118812
3420 0.5961538461538461 0.0 0.5 0.6923076923076923
3423 0.7063953488372093 1.0 0.375 0.7441860465116279
3426 0.5926375404530745 0.9029126213592233 0.0 0.875
3429 0.8544027898866609 0.0 0.8378378378378378 0.8709677419354839
3432 0.7472222222222222 0.8666666666666667 0.75 0.625
3435 0.8674603174603175 0.95 0.8666666666666667 0.7857142857142857
3438 0.7091787439613526 0.8666666666666667 0.4782608695652174 0.782608695652174
3441 0.7826302729528537 0.7384615384615385 0.8709677419354839 0.7384615384615385
3444 0.6014441299055943 0.8252427184466019 0.30927835051546393 0.6698113207547169
3447 0.7199614096403087 0.8134556574923547 0.625 0.7214285714285714
3450 0.8218575718575719 0.9404761904761905 0.8108108108108109 0.7142857142857143
3453 0.817889317889318 0.6428571428571429 1.0 0.8108108108108109
3456 0.6042199488491049 0.32608695652173914 0.0 0.8823529411764706
3459 0.6120089786756453 0.5 0.48148148148148145 0.8545454545454545
3462 0.7553913340391892 0.8636363636363636 0.5754189944134078 0.8271186440677966
3465 0.7333333333333334 0.8 0.6 0.8
3468 0.7043219538859073 0.6461538461538462 0.5813953488372093 0.8854166666666666
3471 0.9088252483927528 1.0 0.8620689655172413 0.864406779661017
3474 0.7641487174301412 0.6989247311827957 0.896551724137931 0.696969696969697
3477 0.8506929471932047 0.8783783783783784 0.7931034482758621 0.8805970149253731
3480 0.6984753370028356 0.6710526315789473 0.6153846153846154 0.8089887640449438
3483 0.787476383265857 0.8947368421052632 0.56 0.9076923076923077
3486 0.8071895424836603 0.5882352941176471 1.0 0.8333333333333334
3489 0.6089895049818713 0.648854961832061 0.41025641025641024 0.7678571428571429
3492 0.9113998127340824 0.9269662921348315 0.0 0.8958333333333334
3495 0.7951997780244172 0.7547169811320755 0.725 0.9058823529411765
3498 0.8245881422189129 0.9746835443037974 0.7647058823529411 0.734375
3501 0.8909688013136289 1.0 0.7586206896551724 0.9142857142857143
3504 0.6788286877544629 0.8737864077669902 0.0 0.4838709677419355
3507 0.8516898148148148 0.890625 0.9444444444444444 0.72
3510 0.719124480313035 0.8297872340425532 0.5 0.8275862068965517
3513 0.682035519125683 0.6557377049180327 0.0 0.7083333333333334
3516 0.9194444444444444 0.8888888888888888 0.0 0.95
3519 0.7387878787878788 0.0 0.6866666666666666 0.7909090909090909
3522 0.9325447570332481 0.9239130434782609 0.0 0.9411764705882353
3525 0.45692833977520103 0.7642276422764228 0.0 0.6065573770491803
3528 0.7803571428571429 0.8523809523809524 0.0 0.7083333333333334
3531 0.8267062009527762 0.7657142857142857 0.8787878787878788 0.8356164383561644
3534 0.6569767441860466 0.6395348837209303 0.0 0.6744186046511628
3537 0.702124183006536 0.7647058823529411 0.6666666666666666 0.675
3540 0.7225484660267268 0.6272727272727273 0.8260869565217391 0.7142857142857143
3543 0.6907647907647908 0.0 0.7047619047619048 0.6767676767676768
3546 0.6642969782210288 0.7636363636363637 0.4444444444444444 0.7848101265822784
3549 0.7181544408486156 0.7864077669902912 0.5555555555555556 0.8125
3552 0.885483346344002 0.9125 0.8095238095238095 0.9344262295081968
3555 0.7899058959319718 0.8364779874213837 0.7916666666666666 0.7415730337078652
3558 0.8468646864686469 0.9405940594059405 0.8 0.8
3561 0.7387799564270151 0.6 0.8222222222222222 0.7941176470588235
3564 0.783495670995671 0.9732142857142857 0.65 0.7272727272727273
3567 0.7846282372598162 0.9172932330827067 0.6842105263157895 0.7523809523809524
3570 0.7755439754144696 0.831858407079646 0.7142857142857143 0.7804878048780488
3573 0.8564047680716781 0.9178082191780822 0.7971014492753623 0.8543046357615894
3576 0.8 0.6 0.0 1.0
3579 0.8257142857142857 0.8514285714285714 0.0 0.8
3582 0.8252522883064755 0.8620689655172413 0.7551020408163265 0.8585858585858586
3585 0.6931057563587685 0.6626506024096386 0.6666666666666666 0.75
3588 0.7760430656280777 0.8823529411764706 0.5416666666666666 0.9041095890410958
3591 0.7868131868131869 0.8307692307692308 0.0 0.7428571428571429
3594 0.8338138278530985 0.8454106280193237 0.7608695652173914 0.8951612903225806
3597 0.6445416004239534 0.25 0.7647058823529411 0.918918918918919
